帽子端
帽子元
帽子端
0,21.30408,0.9300804
0,0,0
0,0,0
0,0,0
-15,-15,-15
15,15,5
0,0,0
10,10,10

右帽子リボン
帽子元
右帽子リボン
-0.28814,20.31793,-1.22355
0,0,0
0,0,0
0,0,0
0,-45,-2
0,10,10
0,0,0
10,10,10

左帽子リボン
帽子元
左帽子リボン
0.28814,20.31793,-1.22355
0,0,0
0,0,0
0,0,0
0,-45,-2
0,10,10
0,0,0
10,10,10

右帽子つば１
帽子元
右帽子つば１
-0.9358702,19.84828,-2.40734
0,0,0
0,0,0
0,0,0
-20,-1,-1
1,1,1
0,0,0
5,10,5

右帽子つば２
帽子元
右帽子つば２
-2.23719,19.24475,-1.22909
0,0,0
0,0,0
0,0,0
-1,-1,-20
1,1,3
0,0,0
5,10,5

右帽子つば３
帽子元
右帽子つば３
-2.24312,18.50015,0.46309
0,0,0
0,0,0
0,0,0
-1,-1,-20
1,1,3
0,0,0
5,10,5

右帽子つば４
帽子元
右帽子つば４
-0.9322702,17.87324,1.64098
0,0,0
0,0,0
0,0,0
-3,-1,-1
20,1,1
0,0,0
5,10,5

左帽子つば４
帽子元
左帽子つば４
0.9322702,17.87324,1.64098
0,0,0
0,0,0
0,0,0
-3,-1,-1
20,1,1
0,0,0
5,10,5

左帽子つば３
帽子元
左帽子つば３
2.24312,18.50015,0.46309
0,0,0
0,0,0
0,0,0
-1,-1,-3
1,1,20
0,0,0
5,10,5

左帽子つば２
帽子元
左帽子つば２
2.23719,19.24475,-1.22909
0,0,0
0,0,0
0,0,0
-1,-1,-3
1,1,20
0,0,0
5,10,5

左帽子つば１
帽子元
左帽子つば１
0.9358702,19.84828,-2.40734
0,0,0
0,0,0
0,0,0
-20,-1,-1
1,1,1
0,0,0
5,10,5

ハネ毛１
頭
ハネ毛１
-0.8865503,19.56863,-0.9769703
0,0,0
0,0,0
0,0,0
-20,-1,-20
3,1,10
0,0,0
7,10,7

ハネ毛２
ハネ毛１
ハネ毛２
-1.17035,18.87004,-1.16617
0,0,0
0,0,0
0,0,0
-20,-1,-20
3,1,20
0,0,0
7,10,7

右ハネ毛
頭
右ハネ毛
-1.16371,18.99529,-0.18135
0,0,0
0,0,0
0,0,0
-10,-1,-30
10,1,5
0,0,0
7,10,7

左ハネ毛
頭
左ハネ毛
1.27704,18.88264,-0.35135
0,0,0
0,0,0
0,0,0
-10,-1,-5
10,1,30
0,0,0
7,10,7

左髪６
頭
左髪６
1.20404,18.55158,-0.32018
0,0,0
0,0,0
0,0,0
-10,-1,-5
10,1,30
0,0,0
7,10,7

左髪６-２
左髪６
左髪６-２
1.21519,17.59645,-0.18503
0,0,0
0,0,0
0,0,0
-10,-1,-5
10,1,30
0,0,0
7,10,7

右前髪５
頭
右前髪５
-0.9931403,18.71269,-0.22863
0,0,0
0,0,0
0,0,0
-10,-1,-30
10,1,5
0,0,0
7,10,7

右前髪５-２
右前髪５
右前髪５-２
-1.27864,17.86265,-0.0962
0,0,0
0,0,0
0,0,0
-10,-1,-30
10,1,5
0,0,0
7,10,7

左前髪５
頭
左前髪５
1.19524,18.69111,-0.8414102
0,0,0
0,0,0
0,0,0
-10,-1,-5
10,1,30
0,0,0
7,10,7

左前髪５-２
左前髪５
左前髪５-２
1.28729,17.83013,-0.66643
0,0,0
0,0,0
0,0,0
-10,-1,-5
10,1,30
0,0,0
7,10,7

右前髪４
頭
右前髪４
-1.09469,18.98213,-0.72762
0,0,0
0,0,0
0,0,0
-10,-1,-30
10,1,5
0,0,0
7,10,7

右前髪４-２
右前髪４
右前髪４-２
-1.32333,17.89768,-0.62658
0,0,0
0,0,0
0,0,0
-10,-1,-30
10,1,5
0,0,0
7,10,7

左前髪４
頭
左前髪４
0.8407503,19.15461,-1.29281
0,0,0
0,0,0
0,0,0
-20,-1,-5
3,1,30
0,0,0
7,10,7

左前髪４-２
左前髪４
左前髪４-２
0.9933802,18.38378,-1.12364
0,0,0
0,0,0
0,0,0
-20,-1,-5
3,1,30
0,0,0
7,10,7

右前髪３
頭
右前髪３
-1.01332,18.87484,-1.02086
0,0,0
0,0,0
0,0,0
-20,-1,-30
3,1,10
0,0,0
7,10,7

右前髪３-２
右前髪３
右前髪３-２
-1.08389,18.22356,-1.03057
0,0,0
0,0,0
0,0,0
-20,-1,-30
3,1,10
0,0,0
7,10,7

左前髪３
頭
左前髪３
0.56558,19.27048,-1.45114
0,0,0
0,0,0
0,0,0
-30,-1,-10
3,1,10
0,0,0
7,10,7

左前髪２
頭
左前髪２
0.28594,19.25311,-1.547671
0,0,0
0,0,0
0,0,0
-30,-1,-10
3,1,10
0,0,0
7,10,7

右前髪２
頭
右前髪２
-0.8398503,19.1415,-1.29294
0,0,0
0,0,0
0,0,0
-30,-1,-10
3,1,10
0,0,0
7,10,7

右前髪１
頭
右前髪１
-0.63718,19.10353,-1.49495
0,0,0
0,0,0
0,0,0
-30,-1,-10
3,1,10
0,0,0
7,10,7

左前髪１
頭
左前髪１
-0.05074001,19.23703,-1.591071
0,0,0
0,0,0
0,0,0
-30,-1,-10
3,1,10
0,0,0
7,10,7

前髪１
頭
前髪１
-0.29536,19.24897,-1.611711
0,0,0
0,0,0
0,0,0
-30,-1,-10
3,1,10
0,0,0
7,10,7

右もみあげ１
頭
右もみあげ１
-0.9832602,17.99926,-0.74165
0,0,0
0,0,0
0,0,0
-30,-5,-30
30,5,5
0,0,0
7,10,7

右もみあげ２
右もみあげ１
右もみあげ２
-0.8859603,17.32469,-0.8140101
0,0,0
0,0,0
0,0,0
-30,-5,-30
30,5,30
0,0,0
7,10,7

右もみあげ３
右もみあげ２
右もみあげ３
-1.08039,16.64491,-0.9358802
0,0,0
0,0,0
0,0,0
-30,-5,-30
30,5,30
0,0,0
7,10,7

左もみあげ１
頭
左もみあげ１
0.9832602,17.95034,-0.66366
0,0,0
0,0,0
0,0,0
-30,-5,-5
30,5,30
0,0,0
7,10,7

左もみあげ２
左もみあげ１
左もみあげ２
1.00733,17.28133,-0.8284902
0,0,0
0,0,0
0,0,0
-30,-5,-30
30,5,30
0,0,0
7,10,7

左もみあげ３
左もみあげ２
左もみあげ３
1.04803,16.68765,-1.04016
0,0,0
0,0,0
0,0,0
-30,-5,-30
30,5,30
0,0,0
7,10,7

左もみあげ４
左もみあげ３
左もみあげ４
1.2474,16.15662,-1.28188
0,0,0
0,0,0
0,0,0
-30,-5,-30
30,5,30
0,0,0
7,10,7

中髪１
頭
中髪１
0,17.58525,0.5524901
0,0,0
0,0,0
0,0,0
-5,-3,-20
20,3,20
5,5,5
7,10,7

中髪２
中髪１
中髪２
0,16.9258,0.6577051
0,0,0
0,0,0
0,0,0
-5,-3,-20
20,3,20
5,5,5
7,10,7

中髪３
中髪２
中髪３
0,16.15174,0.8693797
0,0,0
0,0,0
0,0,0
-20,-3,-30
30,3,30
5,5,5
7,10,7

中髪４
中髪３
中髪４
0,15.4321,1.255955
0,0,0
0,0,0
0,0,0
-20,-3,-30
30,3,30
5,5,5
7,10,7

中髪５
中髪４
中髪５
0,14.79167,1.888708
0,0,0
0,0,0
0,0,0
-20,-3,-30
30,3,30
5,5,5
7,10,7

中髪６
中髪５
中髪６
0,13.90279,2.302167
0,0,0
0,0,0
0,0,0
-30,-3,-40
50,3,40
5,5,5
7,10,7

中髪７
中髪６
中髪７
0,12.84757,2.684249
0,0,0
0,0,0
0,0,0
-30,-3,-40
50,3,40
5,5,5
7,10,7

中髪８
中髪７
中髪８
0,11.78764,3.224977
0,0,0
0,0,0
0,0,0
-30,-3,-40
50,3,40
5,5,5
7,10,7

左髪Ｂ１
頭
左髪Ｂ１
0.5893701,17.62732,0.3950301
0,0,0
0,0,0
0,0,0
-5,-3,-20
20,3,20
5,5,5
7,10,7

左髪Ｂ２
左髪Ｂ１
左髪Ｂ２
0.5766,16.97048,0.5195898
0,0,0
0,0,0
0,0,0
-5,-3,-20
20,3,20
5,5,5
7,10,7

左髪Ｂ３
左髪Ｂ２
左髪Ｂ３
0.5678056,16.16517,0.7854108
0,0,0
0,0,0
0,0,0
-20,-3,-30
30,3,30
5,5,5
7,10,7

左髪Ｂ４
左髪Ｂ３
左髪Ｂ４
0.6209416,15.25112,1.198703
0,0,0
0,0,0
0,0,0
-20,-3,-30
30,3,30
5,5,5
7,10,7

左髪Ｂ５
左髪Ｂ４
左髪Ｂ５
0.7035137,14.58435,1.54923
0,0,0
0,0,0
0,0,0
-20,-3,-30
30,3,30
5,5,5
7,10,7

左髪Ｂ６
左髪Ｂ５
左髪Ｂ６
0.7816352,13.81372,2.139605
0,0,0
0,0,0
0,0,0
-30,-3,-40
50,3,40
5,5,5
7,10,7

左髪Ｂ７
左髪Ｂ６
左髪Ｂ７
0.8259664,13.08211,2.550856
0,0,0
0,0,0
0,0,0
-30,-3,-40
50,3,40
5,5,5
7,10,7

左髪Ｂ８
左髪Ｂ７
左髪Ｂ８
0.8562182,12.12805,3.052473
0,0,0
0,0,0
0,0,0
-30,-3,-40
50,3,40
5,5,5
7,10,7

右髪Ｂ１
頭
右髪Ｂ１
-0.5893701,17.62732,0.3950301
0,0,0
0,0,0
0,0,0
-5,-3,-20
20,3,20
5,5,5
7,10,7

右髪Ｂ２
右髪Ｂ１
右髪Ｂ２
-0.5766,16.97048,0.5195898
0,0,0
0,0,0
0,0,0
-5,-3,-20
20,3,20
5,5,5
7,10,7

右髪Ｂ３
右髪Ｂ２
右髪Ｂ３
-0.5678056,16.16517,0.7854108
0,0,0
0,0,0
0,0,0
-20,-3,-30
30,3,30
5,5,5
7,10,7

右髪Ｂ４
右髪Ｂ３
右髪Ｂ４
-0.6209416,15.25112,1.198703
0,0,0
0,0,0
0,0,0
-20,-3,-30
30,3,30
5,5,5
7,10,7

右髪Ｂ５
右髪Ｂ４
右髪Ｂ５
-0.7035137,14.58435,1.54923
0,0,0
0,0,0
0,0,0
-20,-3,-30
30,3,30
5,5,5
7,10,7

右髪Ｂ６
右髪Ｂ５
右髪Ｂ６
-0.7816352,13.81372,2.139605
0,0,0
0,0,0
0,0,0
-30,-3,-40
50,3,40
5,5,5
7,10,7

右髪Ｂ７
右髪Ｂ６
右髪Ｂ７
-0.8259664,13.08211,2.550856
0,0,0
0,0,0
0,0,0
-30,-3,-40
50,3,40
5,5,5
7,10,7

右髪Ｂ８
右髪Ｂ７
右髪Ｂ８
-0.8562182,12.12805,3.052473
0,0,0
0,0,0
0,0,0
-30,-3,-40
50,3,40
5,5,5
7,10,7

左髪Ａ１
頭
左髪Ａ１
0.7727503,17.43879,0.07704001
0,0,0
0,0,0
0,0,0
-5,-3,-20
20,3,20
5,5,5
7,10,7

左髪Ａ２
左髪Ａ１
左髪Ａ２
0.8385322,16.81631,0.2667474
0,0,0
0,0,0
0,0,0
-5,-3,-20
20,3,20
5,5,5
7,10,7

左髪Ａ３
左髪Ａ２
左髪Ａ３
1.039238,16.13656,0.5927756
0,0,0
0,0,0
0,0,0
-20,-3,-30
30,3,30
5,5,5
7,10,7

左髪Ａ４
左髪Ａ３
左髪Ａ４
1.088953,15.3607,0.8633204
0,0,0
0,0,0
0,0,0
-20,-3,-30
30,3,30
5,5,5
7,10,7

左髪Ａ５
左髪Ａ４
左髪Ａ５
1.177517,14.67257,1.157399
0,0,0
0,0,0
0,0,0
-20,-3,-30
30,3,30
5,5,5
7,10,7

左髪Ａ６
左髪Ａ５
左髪Ａ６
1.435908,13.88816,1.451724
0,0,0
0,0,0
0,0,0
-30,-3,-40
50,3,40
5,5,5
7,10,7

左髪Ａ７
左髪Ａ６
左髪Ａ７
1.639764,13.11,1.813759
0,0,0
0,0,0
0,0,0
-30,-3,-40
50,3,40
5,5,5
7,10,7

左髪Ａ８
左髪Ａ７
左髪Ａ８
1.827622,12.17776,2.215697
0,0,0
0,0,0
0,0,0
-30,-3,-40
50,3,40
5,5,5
7,10,7

右髪Ａ１
頭
右髪Ａ１
-0.7727503,17.43879,0.07704001
0,0,0
0,0,0
0,0,0
-5,-3,-20
20,3,20
5,5,5
7,10,7

右髪Ａ２
右髪Ａ１
右髪Ａ２
-0.8385322,16.81631,0.2667474
0,0,0
0,0,0
0,0,0
-5,-3,-20
20,3,20
5,5,5
7,10,7

右髪Ａ３
右髪Ａ２
右髪Ａ３
-1.039238,16.13656,0.5927756
0,0,0
0,0,0
0,0,0
-20,-3,-30
30,3,30
5,5,5
7,10,7

右髪Ａ４
右髪Ａ３
右髪Ａ４
-1.088953,15.3607,0.8633204
0,0,0
0,0,0
0,0,0
-20,-3,-30
30,3,30
5,5,5
7,10,7

右髪Ａ５
右髪Ａ４
右髪Ａ５
-1.177517,14.67257,1.157399
0,0,0
0,0,0
0,0,0
-20,-3,-30
30,3,30
5,5,5
7,10,7

右髪Ａ６
右髪Ａ５
右髪Ａ６
-1.435908,13.88816,1.451724
0,0,0
0,0,0
0,0,0
-30,-3,-40
50,3,40
5,5,5
7,10,7

右髪Ａ７
右髪Ａ６
右髪Ａ７
-1.639764,13.11,1.813759
0,0,0
0,0,0
0,0,0
-30,-3,-40
50,3,40
5,5,5
7,10,7

右髪Ａ８
右髪Ａ７
右髪Ａ８
-1.827622,12.17776,2.215697
0,0,0
0,0,0
0,0,0
-30,-3,-40
50,3,40
5,5,5
7,10,7

横左髪Ａ４
左髪Ａ４
左髪Ｂ４
0.8,15.3607,1
0,0,0
-0.5,0,-0.5
0.5,0,0.5
-20,-1,-30
30,1,30
10,10,10
10,10,10

横左髪Ｂ４
左髪Ｂ４
中髪４
0.3,15.25112,1.198703
0,0,0
-0.5,0,-0.5
0.5,0,0.5
-20,-1,-30
30,1,30
10,10,10
10,10,10

横右髪Ｂ４
右髪Ｂ４
中髪４
-0.3,15.25112,1.198703
0,0,0
-0.5,0,-0.5
0.5,0,0.5
-20,-1,-30
30,1,30
10,10,10
10,10,10

横右髪Ａ４
右髪Ａ４
右髪Ｂ４
-0.8,15.3607,1
0,0,0
-0.5,0,-0.5
0.5,0,0.5
-20,-1,-30
30,1,30
10,10,10
10,10,10

横左髪Ａ６
左髪Ａ６
左髪Ｂ６
1.2,13.88816,1.8
0,0,0
-1.5,0,-1.5
1.5,0,1.5
-30,-1,-40
50,1,40
10,10,10
10,10,10

横左髪Ｂ６
左髪Ｂ６
中髪６
0.4,13.81372,2.2
0,0,0
-1.5,0,-1.5
1.5,0,1.5
-30,-1,-40
50,1,40
10,10,10
10,10,10

横右髪Ｂ６
右髪Ｂ６
中髪６
-0.4,13.81372,2.2
0,0,0
-1.5,0,-1.5
1.5,0,1.5
-30,-1,-40
50,1,40
10,10,10
10,10,10

横右髪Ａ６
右髪Ａ６
右髪Ｂ６
-1.2,13.88816,1.8
0,0,0
-1.5,0,-1.5
1.5,0,1.5
-30,-1,-40
50,1,40
10,10,10
10,10,10

左胸
上半身２
左胸
0.72843,14.8482,-0.69906
0,0,0
0,0,0
0,0,0
-3,-1,0
2,1,0
0,0,0
50,50,50

右胸
上半身２
右胸
-0.72843,14.8482,-0.69906
0,0,0
0,0,0
0,0,0
-3,-1,0
2,1,0
0,0,0
50,50,50

左エプリボ２
左エプリボ１
左エプリボ２
1.49313,12.46112,0.9367902
0,0,0
0,0,0
0,0,0
-1,-5,-5
1,30,5
10,10,10
20,20,20

左エプリボ１
下半身
左エプリボ１
0.52356,12.59633,0.62321
0,0,0
0,0,0
0,0,0
-1,-5,-5
1,30,5
10,10,10
20,20,20

右エプリボ１
下半身
右エプリボ１
-0.52356,12.59633,0.62321
0,0,0
0,0,0
0,0,0
-1,-30,-5
1,5,5
10,10,10
20,20,20

右エプリボ２
右エプリボ１
右エプリボ２
-1.49313,12.46112,0.9367902
0,0,0
0,0,0
0,0,0
-1,-30,-5
1,5,5
10,10,10
20,20,20

右帯１
下半身
右帯１
-0.58938,12.0533,0.7082699
0,0,0
0,0,0
0,0,0
-5,-15,-5
30,15,5
10,10,0
7,7,7

右帯２
右帯１
右帯２
-1.12058,11.47023,1.33829
0,0,0
0,0,0
0,0,0
-30,-30,-5
30,30,5
10,10,0
7,7,7

右帯３
右帯２
右帯３
-1.5967,10.99903,2.24985
0,0,0
0,0,0
0,0,0
-30,-30,-5
30,30,5
10,10,0
7,7,7

右帯４
右帯３
右帯４
-1.98202,10.16613,3.075741
0,0,0
0,0,0
0,0,0
-30,-30,-5
30,30,5
10,10,0
7,7,7

左帯１
下半身
左帯１
0.58938,12.0533,0.7082699
0,0,0
0,0,0
0,0,0
-5,-15,-5
30,15,5
10,10,0
7,7,7

左帯２
左帯１
左帯２
1.12058,11.47023,1.33829
0,0,0
0,0,0
0,0,0
-30,-30,-5
30,30,5
10,10,0
7,7,7

左帯３
左帯２
左帯３
1.5967,10.99903,2.24985
0,0,0
0,0,0
0,0,0
-30,-30,-5
30,30,5
10,10,0
7,7,7

左帯４
左帯３
左帯４
1.98202,10.16613,3.075741
0,0,0
0,0,0
0,0,0
-30,-30,-5
30,30,5
10,10,0
7,7,7

中エプロン１
下半身
中エプロン１
0,11.30835,-2.37833
0,0,0
0,0,0
0,0,0
-30,-2,-5
5,2,5
10,10,10
7,7,7

中エプロン２
中エプロン１
中エプロン２
0,10.02603,-3.155661
0,0,0
0,0,0
0,0,0
-30,-2,-10
10,2,10
10,10,10
7,7,7

中エプロン３
中エプロン２
中エプロン３
0,8.482261,-4.18902
0,0,0
0,0,0
0,0,0
-30,-2,-10
10,2,10
10,10,10
7,7,7

中エプロン４
中エプロン３
中エプロン４
0,7.191763,-5.14456
0,0,0
0,0,0
0,0,0
-30,-2,-10
10,2,10
10,10,10
7,7,7

右Ａエプロン１
下半身
右Ａエプロン１
-1.31964,11.29816,-1.96239
0,0,0
0,0,0
0,0,0
-30,-2,-5
5,2,5
10,10,10
7,7,7

右Ａエプロン２
右Ａエプロン１
右Ａエプロン２
-1.604581,10.07954,-2.8728
0,0,0
0,0,0
0,0,0
-30,-2,-10
10,2,10
10,10,10
7,7,7

右Ａエプロン３
右Ａエプロン２
右Ａエプロン３
-1.647141,8.580971,-4.16786
0,0,0
0,0,0
0,0,0
-30,-2,-10
10,2,10
10,10,10
7,7,7

右Ａエプロン４
右Ａエプロン３
右Ａエプロン４
-1.453,7.205623,-5.09437
0,0,0
0,0,0
0,0,0
-30,-2,-10
10,2,10
10,10,10
7,7,7

左Ａエプロン１
下半身
左Ａエプロン１
1.31964,11.29816,-1.96239
0,0,0
0,0,0
0,0,0
-30,-2,-5
5,2,5
10,10,10
7,7,7

左Ａエプロン２
左Ａエプロン１
左Ａエプロン２
1.604581,10.07954,-2.8728
0,0,0
0,0,0
0,0,0
-30,-2,-10
10,2,10
10,10,10
7,7,7

左Ａエプロン３
左Ａエプロン２
左Ａエプロン３
1.647141,8.580971,-4.16786
0,0,0
0,0,0
0,0,0
-30,-2,-10
10,2,10
10,10,10
7,7,7

左Ａエプロン４
左Ａエプロン３
左Ａエプロン４
1.453,7.205623,-5.09437
0,0,0
0,0,0
0,0,0
-30,-2,-10
10,2,10
10,10,10
7,7,7

右Ｂエプロン１
下半身
右Ｂエプロン１
-2.01209,11.34559,-1.23328
0,0,0
0,0,0
0,0,0
-30,-2,-5
5,2,5
10,10,10
7,7,7

右Ｂエプロン２
右Ｂエプロン１
右Ｂエプロン２
-2.68392,9.989531,-2.01677
0,0,0
0,0,0
0,0,0
-30,-2,-10
10,2,10
10,10,10
7,7,7

右Ｂエプロン３
右Ｂエプロン２
右Ｂエプロン３
-2.96255,8.67183,-3.395351
0,0,0
0,0,0
0,0,0
-30,-2,-10
10,2,10
10,10,10
7,7,7

右Ｂエプロン４
右Ｂエプロン３
右Ｂエプロン４
-2.74621,7.435372,-4.47967
0,0,0
0,0,0
0,0,0
-30,-2,-10
10,2,10
10,10,10
7,7,7

左Ｂエプロン１
下半身
左Ｂエプロン１
2.01209,11.34559,-1.23328
0,0,0
0,0,0
0,0,0
-30,-2,-5
5,2,5
10,10,10
7,7,7

左Ｂエプロン２
左Ｂエプロン１
左Ｂエプロン２
2.68392,9.989531,-2.01677
0,0,0
0,0,0
0,0,0
-30,-2,-10
10,2,10
10,10,10
7,7,7

左Ｂエプロン３
左Ｂエプロン２
左Ｂエプロン３
2.96255,8.67183,-3.395351
0,0,0
0,0,0
0,0,0
-30,-2,-10
10,2,10
10,10,10
7,7,7

左Ｂエプロン４
左Ｂエプロン３
左Ｂエプロン４
2.74621,7.435372,-4.47967
0,0,0
0,0,0
0,0,0
-30,-2,-10
10,2,10
10,10,10
7,7,7

横左Ｂエプロン１
左Ａエプロン１
左Ｂエプロン１
1.7,10.5,-1.8
0,0,0
-0.5,0,-0.5
0.5,0,0.5
-30,-2,-10
10,2,10
10,10,10
10,10,10

横左Ａエプロン１
中エプロン１
左Ａエプロン１
0.8,10.5,-2.5
0,0,0
-0.5,0,-0.5
0.5,0,0.5
-30,-2,-10
10,2,10
10,10,10
10,10,10

横右Ａエプロン１
中エプロン１
右Ａエプロン１
-0.8,10.5,-2.5
0,0,0
-0.5,0,-0.5
0.5,0,0.5
-30,-2,-10
10,2,10
10,10,10
10,10,10

横右Ｂエプロン１
右Ａエプロン１
右Ｂエプロン１
-1.7,10.5,-1.8
0,0,0
-0.5,0,-0.5
0.5,0,0.5
-30,-2,-10
10,2,10
10,10,10
10,10,10

横左Ｂエプロン２
左Ａエプロン２
左Ｂエプロン２
2.2,9.2,-2.6
0,0,0
-0.5,0,-0.5
0.5,0,0.5
-30,-2,-10
10,2,10
10,10,10
10,10,10

横左Ａエプロン２
中エプロン２
左Ａエプロン２
0.8,9.2,-3.2
0,0,0
-0.5,0,-0.5
0.5,0,0.5
-30,-2,-10
10,2,10
10,10,10
10,10,10

横右Ａエプロン２
中エプロン２
右Ａエプロン２
-0.8,9.2,-3.2
0,0,0
-0.5,0,-0.5
0.5,0,0.5
-30,-2,-10
10,2,10
10,10,10
10,10,10

横右Ｂエプロン２
右Ａエプロン２
右Ｂエプロン２
-2.2,9.2,-2.6
0,0,0
-0.5,0,-0.5
0.5,0,0.5
-30,-2,-10
10,2,10
10,10,10
10,10,10

横左Ｂエプロン３
左Ａエプロン３
左Ｂエプロン３
2.4,8,-3.8
0,0,0
-0.5,0,-0.5
0.5,0,0.5
-30,-2,-10
10,2,10
10,10,10
10,10,10

横左Ａエプロン３
中エプロン３
左Ａエプロン３
0.8,8,-4.4
0,0,0
-0.5,0,-0.5
0.5,0,0.5
-30,-2,-10
10,2,10
10,10,10
10,10,10

横右Ａエプロン３
中エプロン３
右Ａエプロン３
-0.8,8,-4.4
0,0,0
-0.5,0,-0.5
0.5,0,0.5
-30,-2,-10
10,2,10
10,10,10
10,10,10

横右Ｂエプロン３
右Ａエプロン３
右Ｂエプロン３
-2.4,8,-3.8
0,0,0
-0.5,0,-0.5
0.5,0,0.5
-30,-2,-10
10,2,10
10,10,10
10,10,10

横左Ｂエプロン４
左Ａエプロン４
左Ｂエプロン４
2.2,6.5,-5
0,0,0
-0.5,0,-0.5
0.5,0,0.5
-30,-2,-10
10,2,10
10,10,10
10,10,10

横左Ａエプロン４
中エプロン４
左Ａエプロン４
0.8,6.5,-5.5
0,0,0
-0.5,0,-0.5
0.5,0,0.5
-30,-2,-10
10,2,10
10,10,10
10,10,10

横右Ａエプロン４
中エプロン４
右Ａエプロン４
-0.8,6.5,-5.5
0,0,0
-0.5,0,-0.5
0.5,0,0.5
-30,-2,-10
10,2,10
10,10,10
10,10,10

横右Ｂエプロン４
右Ａエプロン４
右Ｂエプロン４
-2.2,6.5,-5
0,0,0
-0.5,0,-0.5
0.5,0,0.5
-30,-2,-10
10,2,10
10,10,10
10,10,10

前スカート１
下半身
前スカート１
0,11.04166,-2.073491
0,0,0
0,0,0
0,0,0
-20,-1,-10
10,1,10
0,0,0
10,10,10

前スカート２
前スカート１
前スカート２
0,9.793618,-2.760492
0,0,0
0,0,0
0,0,0
-30,-1,-30
30,1,30
0,0,0
10,10,10

前スカート３
前スカート２
前スカート３
0,8.4392,-3.388298
0,0,0
0,0,0
0,0,0
-30,-1,-30
30,1,30
0,0,0
10,10,10

前スカート４
前スカート３
前スカート４
0,7.039723,-4.097547
0,0,0
0,0,0
0,0,0
-30,-1,-30
30,1,30
0,0,0
10,10,10

前スカート５
前スカート４
前スカート５
0,5.680333,-4.806023
0,0,0
0,0,0
0,0,0
-30,-1,-30
30,1,30
0,0,0
10,10,10

右前スカート１
下半身
右前スカート１
-0.9035503,11.06596,-1.84812
0,0,0
0,0,0
0,0,0
-20,-1,-10
10,1,10
0,0,0
10,10,10

右前スカート２
右前スカート１
右前スカート２
-1.222385,9.811309,-2.415418
0,0,0
0,0,0
0,0,0
-30,-1,-30
30,1,30
0,0,0
10,10,10

右前スカート３
右前スカート２
右前スカート３
-1.500782,8.523493,-2.907186
0,0,0
0,0,0
0,0,0
-30,-1,-30
30,1,30
0,0,0
10,10,10

右前スカート４
右前スカート３
右前スカート４
-1.877817,6.979746,-3.531524
0,0,0
0,0,0
0,0,0
-30,-1,-30
30,1,30
0,0,0
10,10,10

右前スカート５
右前スカート４
右前スカート５
-2.25814,5.402788,-4.188907
0,0,0
0,0,0
0,0,0
-30,-1,-30
30,1,30
0,0,0
10,10,10

左前スカート１
下半身
左前スカート１
0.9035503,11.06596,-1.84812
0,0,0
0,0,0
0,0,0
-20,-1,-10
10,1,10
0,0,0
10,10,10

左前スカート２
左前スカート１
左前スカート２
1.222385,9.811309,-2.415418
0,0,0
0,0,0
0,0,0
-30,-1,-30
30,1,30
0,0,0
10,10,10

左前スカート３
左前スカート２
左前スカート３
1.500782,8.523493,-2.907186
0,0,0
0,0,0
0,0,0
-30,-1,-30
30,1,30
0,0,0
10,10,10

左前スカート４
左前スカート３
左前スカート４
1.877817,6.979746,-3.531524
0,0,0
0,0,0
0,0,0
-30,-1,-30
30,1,30
0,0,0
10,10,10

左前スカート５
左前スカート４
左前スカート５
2.25814,5.402788,-4.188907
0,0,0
0,0,0
0,0,0
-30,-1,-30
30,1,30
0,0,0
10,10,10

右横前スカート１
下半身
右横前スカート１
-1.73,10.96852,-1.20676
0,0,0
0,0,0
0,0,0
-10,-1,-20
10,1,10
0,0,0
10,10,10

右横前スカート２
右横前スカート１
右横前スカート２
-2.255606,9.729051,-1.512998
0,0,0
0,0,0
0,0,0
-30,-1,-30
30,1,30
0,0,0
10,10,10

右横前スカート３
右横前スカート２
右横前スカート３
-2.70733,8.428576,-1.788183
0,0,0
0,0,0
0,0,0
-30,-1,-30
30,1,30
0,0,0
10,10,10

右横前スカート４
右横前スカート３
右横前スカート４
-3.252795,7.018165,-2.113283
0,0,0
0,0,0
0,0,0
-30,-1,-30
30,1,30
0,0,0
10,10,10

右横前スカート５
右横前スカート４
右横前スカート５
-3.838183,5.515272,-2.463751
0,0,0
0,0,0
0,0,0
-30,-1,-30
30,1,30
0,0,0
10,10,10

左横前スカート１
下半身
左横前スカート１
1.73,10.96852,-1.20676
0,0,0
0,0,0
0,0,0
-10,-1,-10
10,1,20
0,0,0
10,10,10

左横前スカート２
左横前スカート１
左横前スカート２
2.255606,9.729051,-1.512998
0,0,0
0,0,0
0,0,0
-30,-1,-30
30,1,30
0,0,0
10,10,10

左横前スカート３
左横前スカート２
左横前スカート３
2.70733,8.428576,-1.788183
0,0,0
0,0,0
0,0,0
-30,-1,-30
30,1,30
0,0,0
10,10,10

左横前スカート４
左横前スカート３
左横前スカート４
3.252795,7.018165,-2.113283
0,0,0
0,0,0
0,0,0
-30,-1,-30
30,1,30
0,0,0
10,10,10

左横前スカート５
左横前スカート４
左横前スカート５
3.838183,5.515272,-2.463751
0,0,0
0,0,0
0,0,0
-30,-1,-30
30,1,30
0,0,0
10,10,10

右スカート１
下半身
右スカート１
-1.843441,10.97673,-0.5252802
0,0,0
0,0,0
0,0,0
-10,-1,-20
10,1,10
0,0,0
10,10,10

右スカート２
右スカート１
右スカート２
-2.527461,9.726947,-0.4953494
0,0,0
0,0,0
0,0,0
-30,-1,-30
30,1,30
0,0,0
10,10,10

右スカート３
右スカート２
右スカート３
-3.06262,8.360121,-0.4983221
0,0,0
0,0,0
0,0,0
-30,-1,-30
30,1,30
0,0,0
10,10,10

右スカート４
右スカート３
右スカート４
-3.716009,6.951351,-0.4835647
0,0,0
0,0,0
0,0,0
-30,-1,-30
30,1,30
0,0,0
10,10,10

右スカート５
右スカート４
右スカート５
-4.382415,5.531185,-0.4741599
0,0,0
0,0,0
0,0,0
-30,-1,-30
30,1,30
0,0,0
10,10,10

左スカート１
下半身
左スカート１
1.872391,11.03597,-0.5151902
0,0,0
0,0,0
0,0,0
-10,-1,-10
10,1,20
0,0,0
10,10,10

左スカート２
左スカート１
左スカート２
2.541435,9.754506,-0.4996219
0,0,0
0,0,0
0,0,0
-30,-1,-30
30,1,30
0,0,0
10,10,10

左スカート３
左スカート２
左スカート３
3.096128,8.382455,-0.497146
0,0,0
0,0,0
0,0,0
-30,-1,-30
30,1,30
0,0,0
10,10,10

左スカート４
左スカート３
左スカート４
3.733054,6.998161,-0.4869167
0,0,0
0,0,0
0,0,0
-30,-1,-30
30,1,30
0,0,0
10,10,10

左スカート５
左スカート４
左スカート５
4.442947,5.483833,-0.4800441
0,0,0
0,0,0
0,0,0
-30,-1,-30
30,1,30
0,0,0
10,10,10

右横後スカート１
下半身
右横後スカート１
-1.598441,11.00315,0.23203
0,0,0
0,0,0
0,0,0
-10,-1,-20
10,1,10
0,0,0
10,10,10

右横後スカート２
右横後スカート１
右横後スカート２
-2.163057,9.749507,0.5602134
0,0,0
0,0,0
0,0,0
-30,-1,-30
30,1,30
0,0,0
10,10,10

右横後スカート３
右横後スカート２
右横後スカート３
-2.700302,8.297278,0.8795195
0,0,0
0,0,0
0,0,0
-30,-1,-30
30,1,30
0,0,0
10,10,10

右横後スカート４
右横後スカート３
右横後スカート４
-3.228789,7.007985,1.193972
0,0,0
0,0,0
0,0,0
-30,-1,-30
30,1,30
0,0,0
10,10,10

右横後スカート５
右横後スカート４
右横後スカート５
-3.834155,5.557814,1.550604
0,0,0
0,0,0
0,0,0
-30,-1,-30
30,1,30
0,0,0
10,10,10

左横後スカート１
下半身
左横後スカート１
1.598441,11.00315,0.23203
0,0,0
0,0,0
0,0,0
-10,-1,-10
10,1,20
0,0,0
10,10,10

左横後スカート２
左横後スカート１
左横後スカート２
2.163057,9.749507,0.5602134
0,0,0
0,0,0
0,0,0
-30,-1,-30
30,1,30
0,0,0
10,10,10

左横後スカート３
左横後スカート２
左横後スカート３
2.700302,8.297278,0.8795195
0,0,0
0,0,0
0,0,0
-30,-1,-30
30,1,30
0,0,0
10,10,10

左横後スカート４
左横後スカート３
左横後スカート４
3.228789,7.007985,1.193972
0,0,0
0,0,0
0,0,0
-30,-1,-30
30,1,30
0,0,0
10,10,10

左横後スカート５
左横後スカート４
左横後スカート５
3.834155,5.557814,1.550604
0,0,0
0,0,0
0,0,0
-30,-1,-30
30,1,30
0,0,0
10,10,10

右後スカート１
下半身
右後スカート１
-0.8761805,11.07141,0.7947304
0,0,0
0,0,0
0,0,0
-10,-1,-10
20,1,10
0,0,0
10,10,10

右後スカート２
右後スカート１
右後スカート２
-1.192547,9.778367,1.441544
0,0,0
0,0,0
0,0,0
-30,-1,-30
30,1,30
0,0,0
10,10,10

右後スカート３
右後スカート２
右後スカート３
-1.424837,8.412826,1.959244
0,0,0
0,0,0
0,0,0
-30,-1,-30
30,1,30
0,0,0
10,10,10

右後スカート４
右後スカート３
右後スカート４
-1.720096,6.950435,2.594239
0,0,0
0,0,0
0,0,0
-30,-1,-30
30,1,30
0,0,0
10,10,10

右後スカート５
右後スカート４
右後スカート５
-2.022553,5.496497,3.242774
0,0,0
0,0,0
0,0,0
-30,-1,-30
30,1,30
0,0,0
10,10,10

左後スカート１
下半身
左後スカート１
0.8761805,11.07141,0.7947304
0,0,0
0,0,0
0,0,0
-10,-1,-10
20,1,10
0,0,0
10,10,10

左後スカート２
左後スカート１
左後スカート２
1.192547,9.778367,1.441544
0,0,0
0,0,0
0,0,0
-30,-1,-30
30,1,30
0,0,0
10,10,10

左後スカート３
左後スカート２
左後スカート３
1.424837,8.412826,1.959244
0,0,0
0,0,0
0,0,0
-30,-1,-30
30,1,30
0,0,0
10,10,10

左後スカート４
左後スカート３
左後スカート４
1.720096,6.950435,2.594239
0,0,0
0,0,0
0,0,0
-30,-1,-30
30,1,30
0,0,0
10,10,10

左後スカート５
左後スカート４
左後スカート５
2.022553,5.496497,3.242774
0,0,0
0,0,0
0,0,0
-30,-1,-30
30,1,30
0,0,0
10,10,10

後スカート１
下半身
後スカート１
0,11.08842,0.9438202
0,0,0
0,0,0
0,0,0
-10,-1,-10
20,1,10
0,0,0
10,10,10

後スカート２
後スカート１
後スカート２
0,9.763957,1.668775
0,0,0
0,0,0
0,0,0
-30,-1,-30
30,1,30
0,0,0
10,10,10

後スカート３
後スカート２
後スカート３
0,8.396691,2.186981
0,0,0
0,0,0
0,0,0
-30,-1,-30
30,1,30
0,0,0
10,10,10

後スカート４
後スカート３
後スカート４
0,6.948205,2.839064
0,0,0
0,0,0
0,0,0
-30,-1,-30
30,1,30
0,0,0
10,10,10

後スカート５
後スカート４
後スカート５
0,5.413672,3.551974
0,0,0
0,0,0
0,0,0
-30,-1,-30
30,1,30
0,0,0
10,10,10

横A-１
右前スカート１
前スカート１
-0.5,10.5,-2.073491
0,0,0
-0.3,0,-0.3
0.3,0,0.3
-10,-1,-10
10,1,10
10,10,10
10,10,10

横A-２
右横前スカート１
右前スカート１
-1.3,10.5,-1.84812
0,0,0
-0.3,0,-0.3
0.3,0,0.3
-10,-1,-10
10,1,10
10,10,10
10,10,10

横A-３
右スカート１
右横前スカート１
-1.73,10.5,-0.8
0,0,0
-0.3,0,-0.3
0.3,0,0.3
-10,-1,-10
10,1,10
10,10,10
10,10,10

横A-４
右横後スカート１
右スカート１
-1.843441,10.5,-0.1
0,0,0
-0.3,0,-0.3
0.3,0,0.3
-10,-1,-10
10,1,10
10,10,10
10,10,10

横A-５
右後スカート１
右横後スカート１
-1.3,10.5,0.5
0,0,0
-0.3,0,-0.3
0.3,0,0.3
-10,-1,-10
10,1,10
10,10,10
10,10,10

横A-６
後スカート１
右後スカート１
-0.5,10.5,0.9
0,0,0
-0.3,0,-0.3
0.3,0,0.3
-10,-1,-10
10,1,10
10,10,10
10,10,10

横A-７
左後スカート１
後スカート１
0,10.5,0.9438202
0,0,0
-0.3,0,-0.3
0.3,0,0.3
-10,-1,-10
10,1,10
10,10,10
10,10,10

横A-８
左横後スカート１
左後スカート１
0.5,10.5,0.9
0,0,0
-0.3,0,-0.3
0.3,0,0.3
-10,-1,-10
10,1,10
10,10,10
10,10,10

横A-９
左スカート１
左横後スカート１
1.3,10.5,0.5
0,0,0
-0.3,0,-0.3
0.3,0,0.3
-10,-1,-10
10,1,10
10,10,10
10,10,10

横A-１０
左横前スカート１
左スカート１
1.872391,10.5,-0.1
0,0,0
-0.3,0,-0.3
0.3,0,0.3
-10,-1,-10
10,1,10
10,10,10
10,10,10

横A-１１
左前スカート１
左横前スカート１
1.73,10.5,-1.5
0,0,0
-0.3,0,-0.3
0.3,0,0.3
-10,-1,-10
10,1,10
10,10,10
10,10,10

横A-１２
前スカート１
左前スカート１
0.5,10.5,-1.84812
0,0,0
-0.3,0,-0.3
0.3,0,0.3
-10,-1,-10
10,1,10
10,10,10
10,10,10

横B-１
右前スカート２
前スカート２
-0.7,9.2,-2.760492
0,0,0
-0.5,0,-0.5
0.5,0,0.5
-30,0,-30
30,0,30
10,10,10
10,10,10

横B-２
右横前スカート２
右前スカート２
-1.7,9.2,-2
0,0,0
-0.5,0,-0.5
0.5,0,0.5
-30,0,-30
30,0,30
10,10,10
10,10,10

横B-３
右スカート２
右横前スカート２
-2.5,9.2,-1
0,0,0
-0.5,0,-0.5
0.5,0,0.5
-30,0,-30
30,0,30
10,10,10
10,10,10

横B-４
右横後スカート２
右スカート２
-2.4,9.2,0
0,0,0
-0.5,0,-0.5
0.5,0,0.5
-30,0,-30
30,0,30
10,10,10
10,10,10

横B-５
右後スカート２
右横後スカート２
-1.8,9.2,1
0,0,0
-0.5,0,-0.5
0.5,0,0.5
-30,0,-30
30,0,30
10,10,10
10,10,10

横B-６
後スカート２
右後スカート２
-0.6,9.2,1.6
0,0,0
-0.5,0,-0.5
0.5,0,0.5
-30,0,-30
30,0,30
10,10,10
10,10,10

横B-７
左後スカート２
後スカート２
0.6,9.2,1.6
0,0,0
-0.5,0,-0.5
0.5,0,0.5
-30,0,-30
30,0,30
10,10,10
10,10,10

横B-８
左横後スカート２
左後スカート２
1.8,9.2,1
0,0,0
-0.5,0,-0.5
0.5,0,0.5
-30,0,-30
30,0,30
10,10,10
10,10,10

横B-９
左スカート２
左横後スカート２
2.4,9.2,0
0,0,0
-0.5,0,-0.5
0.5,0,0.5
-30,0,-30
30,0,30
10,10,10
10,10,10

横B-１０
左横前スカート２
左スカート２
2.4,9.2,-1
0,0,0
-0.5,0,-0.5
0.5,0,0.5
-30,0,-30
30,0,30
10,10,10
10,10,10

横B-１１
左前スカート２
左横前スカート２
1.8,9.2,-1.9
0,0,0
-0.5,0,-0.5
0.5,0,0.5
-30,0,-30
30,0,30
10,10,10
10,10,10

横B-１２
前スカート２
左前スカート２
0.7,9.2,-2.8
0,0,0
-0.5,0,-0.5
0.5,0,0.5
-30,0,-30
30,0,30
10,10,10
10,10,10

横C-１
右前スカート３
前スカート３
-0.7,7.6,-3.5
0,0,0
-0.5,0,-0.5
0.5,0,0.5
-30,0,-30
30,0,30
10,10,10
10,10,10

横C-２
右横前スカート３
右前スカート３
-2.4,7.6,-2.5
0,0,0
-0.5,0,-0.5
0.5,0,0.5
-30,0,-30
30,0,30
10,10,10
10,10,10

横C-３
右スカート３
右横前スカート３
-3.2,7.6,-1.4
0,0,0
-0.5,0,-0.5
0.5,0,0.5
-30,0,-30
30,0,30
10,10,10
10,10,10

横C-４
右横後スカート３
右スカート３
-3.2,7.6,0.2
0,0,0
-0.5,0,-0.5
0.5,0,0.5
-30,0,-30
30,0,30
10,10,10
10,10,10

横C-５
右後スカート３
右横後スカート３
-2.4,7.6,1.6
0,0,0
-0.5,0,-0.5
0.5,0,0.5
-30,0,-30
30,0,30
10,10,10
10,10,10

横C-６
後スカート３
右後スカート３
-0.8,7.6,2.4
0,0,0
-0.5,0,-0.5
0.5,0,0.5
-30,0,-30
30,0,30
10,10,10
10,10,10

横C-７
左後スカート３
後スカート３
0.8,7.6,2.4
0,0,0
-0.5,0,-0.5
0.5,0,0.5
-30,0,-30
30,0,30
10,10,10
10,10,10

横C-８
左横後スカート３
左後スカート３
2.4,7.6,1.6
0,0,0
-0.5,0,-0.5
0.5,0,0.5
-30,0,-30
30,0,30
10,10,10
10,10,10

横C-９
左スカート３
左横後スカート３
3.2,7.6,0.2
0,0,0
-0.5,0,-0.5
0.5,0,0.5
-30,0,-30
30,0,30
10,10,10
10,10,10

横C-１０
左横前スカート３
左スカート３
3.2,7.6,-1.4
0,0,0
-0.5,0,-0.5
0.5,0,0.5
-30,0,-30
30,0,30
10,10,10
10,10,10

横C-１１
左前スカート３
左横前スカート３
2.4,7.6,-2.5
0,0,0
-0.5,0,-0.5
0.5,0,0.5
-30,0,-30
30,0,30
10,10,10
10,10,10

横C-１２
前スカート３
左前スカート３
0.7,7.6,-3.5
0,0,0
-0.5,0,-0.5
0.5,0,0.5
-30,0,-30
30,0,30
10,10,10
10,10,10

横D-１
右前スカート４
前スカート４
-0.9,6.1,-4.3
0,0,0
-0.5,0,-0.5
0.5,0,0.5
-30,0,-30
30,0,30
10,10,10
10,10,10

横D-２
右横前スカート４
右前スカート４
-2.7,6.1,-3.2
0,0,0
-0.5,0,-0.5
0.5,0,0.5
-30,0,-30
30,0,30
10,10,10
10,10,10

横D-３
右スカート４
右横前スカート４
-3.8,6.1,-1.5
0,0,0
-0.5,0,-0.5
0.5,0,0.5
-30,0,-30
30,0,30
10,10,10
10,10,10

横D-４
右横後スカート４
右スカート４
-3.8,6.1,0.4
0,0,0
-0.5,0,-0.5
0.5,0,0.5
-30,0,-30
30,0,30
10,10,10
10,10,10

横D-５
右後スカート４
右横後スカート４
-2.8,6.1,2
0,0,0
-0.5,0,-0.5
0.5,0,0.5
-30,0,-30
30,0,30
10,10,10
10,10,10

横D-６
後スカート４
右後スカート４
-1,6.1,3
0,0,0
-0.5,0,-0.5
0.5,0,0.5
-30,0,-30
30,0,30
10,10,10
10,10,10

横D-７
左後スカート４
後スカート４
1,6.1,3
0,0,0
-0.5,0,-0.5
0.5,0,0.5
-30,0,-30
30,0,30
10,10,10
10,10,10

横D-８
左横後スカート４
左後スカート４
2.8,6.1,2
0,0,0
-0.5,0,-0.5
0.5,0,0.5
-30,0,-30
30,0,30
10,10,10
10,10,10

横D-９
左スカート４
左横後スカート４
3.8,6.1,0.4
0,0,0
-0.5,0,-0.5
0.5,0,0.5
-30,0,-30
30,0,30
10,10,10
10,10,10

横D-１０
左横前スカート４
左スカート４
3.8,6.1,-1.5
0,0,0
-0.5,0,-0.5
0.5,0,0.5
-30,0,-30
30,0,30
10,10,10
10,10,10

横D-１１
左前スカート４
左横前スカート４
2.7,6.1,-3.2
0,0,0
-0.5,0,-0.5
0.5,0,0.5
-30,0,-30
30,0,30
10,10,10
10,10,10

横D-１２
前スカート４
左前スカート４
0.9,6.1,-4.3
0,0,0
-0.5,0,-0.5
0.5,0,0.5
-30,0,-30
30,0,30
10,10,10
10,10,10

横E-１
右前スカート５
前スカート５
-1.2,4.5,-5
0,0,0
-0.8,0,-0.8
0.8,0,0.8
-30,0,-30
30,0,30
10,10,10
10,10,10

横E-２
右横前スカート５
右前スカート５
-3.5,4.5,-3.8
0,0,0
-0.8,0,-0.8
0.8,0,0.8
-30,0,-30
30,0,30
10,10,10
10,10,10

横E-３
右スカート５
右横前スカート５
-4.5,4.5,-1.5
0,0,0
-0.8,0,-0.8
0.8,0,0.8
-30,0,-30
30,0,30
10,10,10
10,10,10

横E-４
右横後スカート５
右スカート５
-4.5,4.5,0.6
0,0,0
-0.8,0,-0.8
0.8,0,0.8
-30,0,-30
30,0,30
10,10,10
10,10,10

横E-５
右後スカート５
右横後スカート５
-3.5,4.5,2.8
0,0,0
-0.8,0,-0.8
0.8,0,0.8
-30,0,-30
30,0,30
10,10,10
10,10,10

横E-６
後スカート５
右後スカート５
-1,4.5,3.8
0,0,0
-0.8,0,-0.8
0.8,0,0.8
-30,0,-30
30,0,30
10,10,10
10,10,10

横E-７
左後スカート５
後スカート５
1,4.5,3.8
0,0,0
-0.8,0,-0.8
0.8,0,0.8
-30,0,-30
30,0,30
10,10,10
10,10,10

横E-８
左横後スカート５
左後スカート５
3.5,4.5,2.8
0,0,0
-0.8,0,-0.8
0.8,0,0.8
-30,0,-30
30,0,30
10,10,10
10,10,10

横E-９
左スカート５
左横後スカート５
4.5,4.5,0.6
0,0,0
-0.8,0,-0.8
0.8,0,0.8
-30,0,-30
30,0,30
10,10,10
10,10,10

横E-１０
左横前スカート５
左スカート５
4.5,4.5,-1.5
0,0,0
-0.8,0,-0.8
0.8,0,0.8
-30,0,-30
30,0,30
10,10,10
10,10,10

横E-１１
左前スカート５
左横前スカート５
3.5,4.5,-3.8
0,0,0
-0.8,0,-0.8
0.8,0,0.8
-30,0,-30
30,0,30
10,10,10
10,10,10

横E-１２
前スカート５
左前スカート５
1.2,4.5,-5
0,0,0
-0.8,0,-0.8
0.8,0,0.8
-30,0,-30
30,0,30
10,10,10
10,10,10

