顎
頭
0
0
1 16 
0
0.5,2,2
0,0.2,-0.7
0,0,-1
1,0,0,0,0.5

頭
頭
0
0
1 16 
2
1.1,0.5,0
0,1.4,0
-5.29,0,0
1,0,0,0,0.5

首
首
0
0
1 16 
2
0.4,0.9553635,0
0,0.4776402,-0.006305009
-0.76,0,0
1,0,0,0,0.5

上半身２
上半身２
0
0
1 16 
2
0.95,1.3,0
0,1,0.2
6.07,0,90
1,0,0,0,0.5

上半身
上半身
0
0
1 16 
2
1,0.9,0
0,0.8,0.1
4.02,0,90
1,0,0,0,0.5

下半身
下半身
0
0
1 16 
2
1.3,1.4,0
0,-1.213686,0.02516001
-1.19,0,180
1,0,0,0,0.5

右肩
右肩
0
0
1 16 
2
0.5,1.169711,0
-0.5708497,-0.1227827,-0.03333506
0.69,-3.19,102.12
1,0,0,0,0.5

右腕
右腕
0
0
1 16 
2
0.4741622,2.370811,0
-0.8550059,-0.8210468,0.0057403
-0.1921751,0.2001248,133.8389
1,0,0,0,0.5

右ひじ
右ひじ
0
0
1 16 
2
0.4556387,2.278193,0
-0.8636665,-0.7426987,0.004515648
-0.1480941,0.1722158,130.6932
1,0,0,0,0.5

右手首
右手首
0
0
1 16 
1
0.2,0.5,0.4
-0.5,-0.4,-0.00425005
0.81,-0.95,130.44
1,0,0,0,0.5

右親指０
右親指０
0
0
1 16 
2
0.13,0.3198363,0
-0.07549906,-0.09180927,-0.1069802
31.11,-29.75,132.11
1,0,0,0,0.5

右親指１
右親指１
0
0
1 16 
2
0.13,0.2007726,0
-0.05766797,-0.07779264,-0.02645981
12.22,-9.24,142.46
1,0,0,0,0.5

右親指２
右親指２
0
0
1 16 
2
0.1,0.3094739,0
-0.08468342,-0.1292462,-0.008225024
2.55,-1.67,146.73
1,0,0,0,0.5

右小指１
右小指１
0
0
1 16 
2
0.1,0.2312382,0
-0.09346676,-0.06805611,-0.0003299995
0.1,-0.13,126.06
1,0,0,0,0.5

右小指２
右小指２
0
0
1 16 
2
0.1,0.100927,0
-0.04214001,-0.02748775,-0.003900003
2.42,-3.71,123.04
1,0,0,0,0.5

右小指３
右小指３
0
0
1 16 
2
0.1,0.2368864,0
-0.09527826,-0.07035303,-0.00114
0.33,-0.44,126.44
1,0,0,0,0.5

右薬指１
右薬指１
0
0
1 16 
2
0.1,0.2847408,0
-0.1173911,-0.08052778,-0.001984954
0.4518828,-0.6587705,124.4467
1,0,0,0,0.5

右薬指２
右薬指２
0
0
1 16 
2
0.1,0.2650402,0
-0.1078215,-0.0770402,-0.000960052
0.2413147,-0.3377355,125.5457
1,0,0,0,0.5

右薬指３
右薬指３
0
0
1 16 
2
0.1,0.3046682,0
-0.1197338,-0.09417105,-0.001144946
0.2662223,-0.3384929,128.1844
1,0,0,0,0.5

右中指１
右中指１
0
0
1 16 
2
0.1,0.212911,0
-0.08403969,-0.06532097,-0.001809999
0.5978441,-0.7692168,127.8526
1,0,0,0,0.5

右中指２
右中指２
0
0
1 16 
2
0.1,0.2806921,0
-0.1186714,-0.07491159,-0.001534998
0.3345089,-0.5299268,122.2607
1,0,0,0,0.5

右中指３
右中指３
0
0
1 16 
2
0.1,0.320166,0
-0.1225491,-0.1029754,-0.002090052
0.4812433,-0.5727417,130.0372
1,0,0,0,0.5

右人指１
右人指１
0
0
1 16 
2
0.1,0.2054432,0
-0.08342123,-0.05992794,-0.001125067
0.3661306,-0.5096768,125.691
1,0,0,0,0.5

右人指２
右人指２
0
0
1 16 
2
0.1,0.26103,0
-0.1048303,-0.07774782,0.0002200007
-0.05753274,0.07757357,126.5626
1,0,0,0,0.5

右人指３
右人指３
0
0
1 16 
2
0.1,0.3002554,0
-0.1215601,-0.08801413,-0.003869981
0.8662098,-1.196538,125.8969
1,0,0,0,0.5

左肩
左肩
0
0
1 16 
2
0.5,1.169712,0
0.5708501,-0.1227832,-0.03333502
0.6867218,3.194552,-102.1196
1,0,0,0,0.5

左腕
左腕
0
0
1 16 
2
0.474162,2.37081,0
0.8550054,-0.8210468,0.00574027
-0.1921743,-0.2001238,-133.839
1,0,0,0,0.5

左ひじ
左ひじ
0
0
1 16 
2
0.4556385,2.278192,0
0.8636661,-0.7426982,0.004515663
-0.1480947,-0.1722165,-130.6932
1,0,0,0,0.5

左手首
左手首
0
0
1 16 
1
0.2,0.5,0.4
0.5,-0.4,-0.003040031
0.52,0.61,-130.34
1,0,0,0,0.5

左親指０
左親指０
0
0
1 16 
2
0.13,0.328313,0
0.079005,-0.09503031,-0.10805
30.40725,29.20272,-132.1619
1,0,0,0,0.5

左親指１
左親指１
0
0
1 16 
2
0.13,0.2082243,0
0.06045675,-0.08043528,-0.02672985
11.84314,9.068336,-142.1282
1,0,0,0,0.5

左親指２
左親指２
0
0
1 16 
2
0.1,0.3212718,0
0.0890131,-0.13346,-0.008304954
2.465137,1.6454,-146.2627
1,0,0,0,0.5

左小指１
左小指１
0
0
1 16 
2
0.1,0.231237,0
0.09346533,-0.06805706,-0.00033
0.09626245,0.1322011,-126.0603
1,0,0,0,0.5

左小指２
左小指２
0
0
1 16 
2
0.1,0.1985003,0
0.0802207,-0.05842924,-0.001119999
0.3806617,0.5226462,-126.0662
1,0,0,0,0.5

左小指３
左小指３
0
0
1 16 
2
0.1,0.2464974,0
0.09901094,-0.07338762,-0.001155003
0.3197312,0.4313738,-126.5449
1,0,0,0,0.5

左薬指１
左薬指１
0
0
1 16 
2
0.1,0.296257,0
0.1219025,-0.08412981,-0.002004996
0.4405069,0.6383119,-124.6087
1,0,0,0,0.5

左薬指２
左薬指２
0
0
1 16 
2
0.1,0.2757817,0
0.112009,-0.08041716,-0.000970006
0.2350644,0.3274131,-125.6759
1,0,0,0,0.5

左薬指３
左薬指３
0
0
1 16 
2
0.1,0.3170591,0
0.1245136,-0.09811544,-0.001155019
0.2583697,0.3278887,-128.237
1,0,0,0,0.5

左中指１
左中指１
0
0
1 16 
2
0.1,0.307687,0
0.1210318,-0.09496307,-0.001069993
0.2459868,0.3135171,-128.1175
1,0,0,0,0.5

左中指２
左中指２
0
0
1 16 
2
0.1,0.2919694,0
0.1231318,-0.07840729,-0.001550004
0.3267563,0.5131544,-122.4865
1,0,0,0,0.5

左中指３
左中指３
0
0
1 16 
2
0.1,0.3331966,0
0.1275439,-0.1071591,-0.00210999
0.4667999,0.5556199,-130.0339
1,0,0,0,0.5

左人指１
左人指１
0
0
1 16 
2
0.1,0.2994545,0
0.1201258,-0.08936357,-0.001479983
0.3380354,0.4544095,-126.6448
1,0,0,0,0.5

左人指２
左人指２
0
0
1 16 
2
0.1,0.271632,0
0.108943,-0.08110094,0.000214994
-0.05415936,-0.07275239,-126.6652
1,0,0,0,0.5

左人指３
左人指３
0
0
1 16 
2
0.1,0.3124293,0
0.1263003,-0.09184742,-0.003910005
0.8434809,1.160043,-126.0166
1,0,0,0,0.5

右足
右足
0
1
2 
2
1.2,4,0
-0.008349985,-2.5,0.04075494
-1,0,179.8
1,0,0,0,0.5

右ひざ
右ひざ
0
1
2 
2
0.8,5.051668,0
0.03304011,-2.513071,0.251435
-5.71,-0.08,-179.24
1,0,0,0,0.5

右足首
右足首
0
1
2 
1
0.5,1.3,0.45
-0.02892011,-0.6,-0.7
90,-5.29,173.82
1,0,0,0.5,0.5

左足
左足
0
1
2 
2
1.2,4,0
0.008349985,-2.5,0.04075494
-1,0,-179.8
1,0,0,0,0.5

左ひざ
左ひざ
0
1
2 
2
0.8,5.051668,0
-0.03304011,-2.513071,0.251435
-5.71,0.08,179.24
1,0,0,0,0.5

左足首
左足首
0
1
2 
1
0.5,1.3,0.45
0.02892011,-0.6,-0.7
90,5.29,-173.82
1,0,0,0.5,0.5

帽子元
帽子元
0
2
1 3 
0
0.9,1.895081,0
0,0.8122845,0.4878802
30.99,0,0
1,0,0,0,0.5

帽子端
帽子端
1
2
3 
0
0.2843021,1.421511,0
0,0.5108852,0.4941351
44.05,0,0
1,0.8,0.9,0,0.5

右帽子リボン
右帽子リボン
1
2
3 
1
0.4041385,0.7,0.2
-1.3,0.09729004,0.01494503
30,0.84,20
0.3,0.9,1.5,0,0.5

左帽子リボン
左帽子リボン
1
2
3 
1
0.4041385,0.7,0.2
1.3,0.09729004,0.01494503
30,-0.84,-20
0.3,0.9,1.5,0,0.5

右帽子つば１
右帽子つば１
1
2
3 
1
0.7,0.6,0.2
-0.2984152,-0.3,-0.7228255
110,-70,90
0.3,0.9,1.5,0,0.5

右帽子つば２
右帽子つば２
1
2
3 
1
0.7,0.6,0.2
-0.6926705,-0.5,-0.3568003
110,-30,90
0.3,0.9,1.5,0,0.5

右帽子つば３
右帽子つば３
1
2
3 
1
0.7,0.6,0.2
-0.7046956,-0.7,0.18443
130,0,-120
0.3,0.9,1.5,0,0.5

右帽子つば４
右帽子つば４
1
2
3 
1
0.7,0.6,0.2
-0.3365702,-0.7,0.4
140,-30,0
0.3,0.9,1.5,0,0.5

左帽子つば４
左帽子つば４
1
2
3 
1
0.7,0.6,0.2
0.3365702,-0.7,0.4
140,30,0
0.3,0.9,1.5,0,0.5

左帽子つば３
左帽子つば３
1
2
3 
1
0.7,0.6,0.2
0.7046956,-0.7,0.18443
130,0,120
0.3,0.9,1.5,0,0.5

左帽子つば２
左帽子つば２
1
2
3 
1
0.7,0.6,0.2
0.6926705,-0.5,-0.3568003
110,30,-90
0.3,0.9,1.5,0,0.5

左帽子つば１
左帽子つば１
1
2
3 
1
0.7,0.6,0.2
0.2984152,-0.3,-0.7228255
110,70,-90
0.3,0.9,1.5,0,0.5

ハネ毛１
ハネ毛１
1
3
4 
2
0.2,0.5,0.1
-0.1418999,-0.3492947,-0.09459987
13.03,-5.39,157.27
0.3,0.9,1.5,0,0.5

ハネ毛２
ハネ毛２
1
3
4 
2
0.2,0.5,0.1
-0.03799498,-0.3851194,-0.02967501
4.36,-0.43,174.35
0.3,0.9,1.5,0,0.5

右ハネ毛
右ハネ毛
1
3
4 
1
0.2,0.5,0.1
-0.3266752,-0.4683552,0.06303
20,70,-20
0.3,0.9,1.5,0,0.5

左ハネ毛
左ハネ毛
1
3
4 
1
0.2,0.5,0.1
0.1174653,-0.4240503,0.04070501
-10,90,-20
0.3,0.9,1.5,0,0.5

左髪６
左髪６
1
3
4 
1
0.2,0.5,0.1
0.005575061,-0.4775648,0.06757501
-8.05,90,-179.32
0.3,0.9,1.5,0,0.5

左髪６-２
左髪６-２
1
3
4 
1
0.2,0.5,0.1
0.14042,-0.5423956,-0.03892002
3.85,90,-165.45
0.3,0.9,1.5,0,0.5

右前髪５
右前髪５
1
3
4 
1
0.2,0.5,0.1
-0.1427499,-0.4250202,0.06621501
10,90,161.25
0.3,0.9,1.5,0,0.5

右前髪５-２
右前髪５-２
1
3
4 
1
0.2,0.5,0.1
-0.0205,-0.48736,0.141695
10,90,177.49
0.3,0.9,1.5,0,0.5

左前髪５
左前髪５
1
3
4 
1
0.2,0.5,0.1
0.04602498,-0.4304905,0.08749011
-11.36,90,-15
0.3,0.9,1.5,0,0.5

左前髪５-２
左前髪５-２
1
3
4 
1
0.2,0.5,0.1
0.1236352,-0.3304596,0.08717494
-20,90,-15
0.3,0.9,1.5,0,0.5

右前髪４
右前髪４
1
3
4 
1
0.2,0.5,0.1
-0.11432,-0.5422249,0.05052
5.1,90,168.05
0.3,0.9,1.5,0,0.5

右前髪４-２
右前髪４-２
1
3
4 
1
0.2,0.5,0.1
0.00989002,-0.3926306,0.13496
18.96,90,-17
0.3,0.9,1.5,0,0.5

左前髪４
左前髪４
1
3
4 
1
0.2,0.4,0.1
0.07631499,-0.3854151,0.08458501
-11.91,120,-16
0.3,0.9,1.5,0,0.5

左前髪４-２
左前髪４-２
1
3
4 
1
0.2,0.4,0.1
-0.01882499,-0.23071,-0.02489001
6.12,120,175.31
0.3,0.9,1.5,0,0.5

右前髪３
右前髪３
1
3
4 
1
0.2,0.4,0.1
-0.035285,-0.3256397,-0.004855037
0.84,70,173.82
0.3,0.9,1.5,0,0.5

右前髪３-２
右前髪３-２
1
3
4 
1
0.2,0.5,0.1
-0.006120026,-0.2965498,0.01278001
-2.47,70,178.82
0.3,0.9,1.5,0,0.5

左前髪３
左前髪３
1
3
4 
1
0.2,0.5,0.1
0.23253,-0.5,0.01194507
0,-50,15
0.3,0.9,1.5,0,0.5

左前髪２
左前髪２
1
3
4 
1
0.2,0.5,0.1
0.21732,-0.4757957,0.04673028
0,-30,20
0.3,0.9,1.5,0,0.5

右前髪２
右前髪２
1
3
4 
1
0.2,0.5,0.1
-0.05295998,-0.4199057,0.003360093
0,30,-15
0.3,0.9,1.5,0,0.5

右前髪１
右前髪１
1
3
4 
1
0.2,0.4,0.1
0.05723998,-0.3524847,-0.0454002
7.15,1.17,-170.7
0.3,0.9,1.5,0,0.5

左前髪１
左前髪１
1
3
4 
1
0.2,0.4,0.1
0.2,-0.5,-0.07413995
9.22,4.08,-155.99
0.3,0.9,1.5,0,0.5

前髪１
前髪１
1
3
4 
1
0.2,0.5,0.1
0.127715,-0.6,-0.08588994
10.07,2.91,-163.79
0.3,0.9,1.5,0,0.5

右もみあげ１
右もみあげ１
1
3
4 
2
0.1370763,0.6,0
0.04864997,-0.337285,-0.03618008
6,0.87,-171.75
0.5,0.9,1.5,0,0.1

右もみあげ２
右もみあげ２
1
3
4 
2
0.1434932,0.6,0
-0.09721485,-0.3398905,-0.06093502
9.4,-2.71,163.82
0.4,0.9,1.5,0,0.1

右もみあげ３
右もみあげ３
1
3
4 
2
0.1664618,0.6,0
0.01019996,-0.4151673,-0.02677003
3.687169,0.09071428,-178.5897
0.3,0.9,1.5,0,0.1

左もみあげ１
左もみあげ１
1
3
4 
2
0.1378873,0.6,0
0.01203492,-0.3345051,-0.0824151
13.82,0.51,-177.88
0.5,0.9,1.5,0,0.1

左もみあげ２
左もみあげ２
1
3
4 
2
0.1263196,0.6,0
0.02034998,-0.2968397,-0.1058349
19.53,1.39,-175.84
0.4,0.9,1.5,0,0.1

左もみあげ３
左もみあげ３
1
3
4 
2
0.1233159,0.6,0
0.09968501,-0.2655153,-0.12086
21.53191,8.518649,-157.7992
0.3,0.9,1.5,0,0.1

左もみあげ４
左もみあげ４
1
3
4 
2
0.1630596,0.6,0
-0.01681,-0.401763,-0.06694508
9.44,-0.4,177.57
0.2,0.9,1.5,0,0.1

中髪１
中髪１
1
4
5 
2
0.25,0.6677875,0
0,-0.3297234,0.05260751
-9.07,0,180
0.3,0.9,1.5,0,0.1

中髪２
中髪２
1
4
5 
2
0.25,0.802478,0
0,-0.3870287,0.1058373
-15.29422,6.848761E-07,180
0.3,0.9,1.5,0,0.1

中髪３
中髪３
1
4
5 
2
0.25,0.8168992,0
0,-0.3598208,0.1932875
-28.24366,1.345347E-06,180
0.3,0.9,1.5,0,0.1

中髪４
中髪４
1
4
5 
2
0.25,0.9002903,0
0,-0.3202133,0.3163765
-44.65467,2.47447E-06,180
0.3,0.9,1.5,0,0.1

中髪５
中髪５
1
4
5 
2
0.3,0.9803382,0
0,-0.4444418,0.2067299
-24.94525,1.164945E-06,180
0.3,0.9,1.5,0,0.1

中髪６
中髪６
1
4
5 
2
0.3,1.122266,0
0,-0.5276113,0.1910406
-19.9046,9.068359E-07,180
0.3,0.9,1.5,0,0.1

中髪７
中髪７
1
4
5 
2
0.3,1.189888,0
0,-0.529964,0.2703643
-27.02866,1.277674E-06,180
0.3,0.9,1.5,0,0.1

中髪８
中髪８
1
4
5 
0
0.3,0.946081,0
0,-0.7,0.2022878
-25.32,0,180
0.5,0.9,1.5,0,0.1

左髪Ｂ１
左髪Ｂ１
1
5
6 
2
0.25,0.6686674,0
-0.006385028,-0.3284197,0.06227987
-10.73,0.21,178.87
0.3,0.9,1.5,0,0.1

左髪Ｂ２
左髪Ｂ２
1
5
6 
2
0.25,0.8480927,0
-0.004397184,-0.4026546,0.1329105
-18.26518,0.2065094,179.3411
0.3,0.9,1.5,0,0.1

左髪Ｂ３
左髪Ｂ３
1
5
6 
2
0.25,1.004551,0
0.02656797,-0.4570255,0.2066463
-24.25047,-1.500591,-176.3506
0.3,0.9,1.5,0,0.1

左髪Ｂ４
左髪Ｂ４
1
5
6 
2
0.25,0.7578038,0
0.04128608,-0.333384,0.1752632
-27.32575,-3.668793,-172.0484
0.3,0.9,1.5,0,0.1

左髪Ｂ５
左髪Ｂ５
1
5
6 
2
0.3,0.9739164,0
0.03906074,-0.385314,0.2951875
-37.09192,-4.395798,-172.7361
0.3,0.9,1.5,0,0.1

左髪Ｂ６
左髪Ｂ６
1
5
6 
2
0.3,0.8404435,0
0.02216557,-0.3658047,0.2056258
-29.2375,-1.943667,-176.0255
0.3,0.9,1.5,0,0.1

左髪Ｂ７
左髪Ｂ７
1
5
6 
2
0.3,1.078318,0
0.01512593,-0.4770312,0.2508081
-27.70702,-0.954148,-177.9485
0.3,0.9,1.5,0,0.1

左髪Ｂ８
左髪Ｂ８
1
5
6 
0
0.3,1.191397,0
0.02534339,-1,0.2493757
-24.72,-1.24,-177.04
0.5,0.9,1.5,0,0.1

右髪Ｂ１
右髪Ｂ１
1
5
6 
2
0.25,0.6686674,0
0.006385028,-0.3284197,0.06227987
-10.73,-0.21,-178.87
0.3,0.9,1.5,0,0.1

右髪Ｂ２
右髪Ｂ２
1
5
6 
2
0.25,0.8480927,0
0.004397184,-0.4026546,0.1329105
-18.26518,-0.2065077,-179.3411
0.3,0.9,1.5,0,0.1

右髪Ｂ３
右髪Ｂ３
1
5
6 
2
0.25,1.004551,0
-0.02656797,-0.4570255,0.2066463
-24.25047,1.500593,176.3506
0.3,0.9,1.5,0,0.1

右髪Ｂ４
右髪Ｂ４
1
5
6 
2
0.25,0.7578038,0
-0.04128608,-0.333384,0.1752632
-27.32575,3.668796,172.0483
0.3,0.9,1.5,0,0.1

右髪Ｂ５
右髪Ｂ５
1
5
6 
2
0.3,0.9739164,0
-0.03906074,-0.385314,0.2951875
-37.09192,4.395802,172.7361
0.3,0.9,1.5,0,0.1

右髪Ｂ６
右髪Ｂ６
1
5
6 
2
0.3,0.8404435,0
-0.02216557,-0.3658047,0.2056258
-29.2375,1.94367,176.0255
0.3,0.9,1.5,0,0.1

右髪Ｂ７
右髪Ｂ７
1
5
6 
2
0.3,1.078318,0
-0.01512593,-0.4770312,0.2508081
-27.70702,0.9541507,177.9485
0.3,0.9,1.5,0,0.1

右髪Ｂ８
右髪Ｂ８
1
5
6 
0
0.3,1.191397,0
-0.02534339,-1,0.2493757
-24.72,1.24,177.04
0.5,0.9,1.5,0,0.1

左髪Ａ１
左髪Ａ１
1
4
5 
2
0.25,0.6540608,0
0.03289095,-0.3112392,0.09485367
-16.76,-1.82,-173.7
0.3,0.9,1.5,0,0.1

左髪Ａ２
左髪Ａ２
1
4
5 
2
0.25,0.7801526,0
0.1003531,-0.3398752,0.1630141
-23.62802,-7.421624,-161.9956
0.3,0.9,1.5,0,0.1

左髪Ａ３
左髪Ａ３
1
4
5 
2
0.25,0.8231876,0
0.02485728,-0.3879342,0.1352724
-19.14638,-1.274731,-176.1187
0.3,0.9,1.5,0,0.1

左髪Ａ４
左髪Ａ４
1
4
5 
2
0.25,0.7535514,0
0.04428184,-0.3440619,0.1470391
-22.77194,-3.097069,-172.0423
0.3,0.9,1.5,0,0.1

左髪Ａ５
左髪Ａ５
1
4
5 
2
0.3,0.8767543,0
0.1291959,-0.3922067,0.1471627
-18.59311,-6.362236,-160.7252
0.3,0.9,1.5,0,0.1

左髪Ａ６
左髪Ａ６
1
4
5 
2
0.3,0.882136,0
0.1019276,-0.3890815,0.1810176
-23.39143,-6.506615,-163.9718
0.3,0.9,1.5,0,0.1

左髪Ａ７
左髪Ａ７
1
4
5 
2
0.3,1.032424,0
0.09392911,-0.4661155,0.2009686
-22.43546,-4.772774,-167.6595
0.3,0.9,1.5,0,0.1

左髪Ａ８
左髪Ａ８
1
4
5 
0
0.3,1.124175,0
0.1009434,-1,0.2089981
-21.4,-4.43,-168.01
0.5,0.9,1.5,0,0.1

右髪Ａ１
右髪Ａ１
1
4
5 
2
0.25,0.6540608,0
-0.03289095,-0.3112392,0.09485367
-16.76,1.82,173.7
0.3,0.9,1.5,0,0.1

右髪Ａ２
右髪Ａ２
1
4
5 
2
0.25,0.7801526,0
-0.1003531,-0.3398752,0.1630141
-23.62802,7.421628,161.9956
0.3,0.9,1.5,0,0.1

右髪Ａ３
右髪Ａ３
1
4
5 
2
0.25,0.8231876,0
-0.02485728,-0.3879342,0.1352724
-19.14638,1.274732,176.1187
0.3,0.9,1.5,0,0.1

右髪Ａ４
右髪Ａ４
1
4
5 
2
0.25,0.7535514,0
-0.04428184,-0.3440619,0.1470391
-22.77194,3.09707,172.0423
0.3,0.9,1.5,0,0.1

右髪Ａ５
右髪Ａ５
1
4
5 
2
0.3,0.8767543,0
-0.1291959,-0.3922067,0.1471627
-18.59311,6.362237,160.7252
0.3,0.9,1.5,0,0.1

右髪Ａ６
右髪Ａ６
1
4
5 
2
0.3,0.882136,0
-0.1019276,-0.3890815,0.1810176
-23.39143,6.506618,163.9718
0.3,0.9,1.5,0,0.1

右髪Ａ７
右髪Ａ７
1
4
5 
2
0.3,1.032424,0
-0.09392911,-0.4661155,0.2009686
-22.43546,4.772777,167.6595
0.3,0.9,1.5,0,0.1

右髪Ａ８
右髪Ａ８
1
4
5 
0
0.3,1.124175,0
-0.1009434,-1,0.2089981
-21.4,4.43,168.01
0.5,0.9,1.5,0,0.1

左胸
左胸
1
1
1 2 
0
0.4,0.8602911,0
0.03623512,0.08329487,-0.5
-63.68,61.56001,-64.11
0.4,0.8,1,0,0.5

右胸
右胸
1
1
1 2 
0
0.4,0.8602911,0
-0.03623512,0.08329487,-0.5
-63.68,-61.56001,64.11
0.4,0.8,1,0,0.5

左エプリボ２
左エプリボ２
1
5
6 
1
0.5,0.7,0.2
0.46863,-0.1932001,0.2456949
-9.57,-24.14,-110.35
0.3,0.9,1.5,0,0.5

左エプリボ１
左エプリボ１
1
5
6 
1
0.3,0.5,0.1
0.484785,-0.06760502,0.1567901
-2.41,-17.6,-97.56
0.3,0.9,1.5,0,0.5

右エプリボ２
右エプリボ２
1
5
6 
1
0.5,0.7,0.2
-0.484785,-0.06760502,0.1567901
-2.414767,17.60175,97.56499
0.3,0.9,1.5,0,0.5

右エプリボ１
右エプリボ１
1
5
6 
1
0.3,0.5,0.1
-0.46863,-0.1932001,0.2456949
-9.569552,24.13808,110.354
0.3,0.9,1.5,0,0.5

右帯１
右帯１
1
5
6 
1
0.2018984,0.6,0.1
-0.2656,-0.2915368,0.31501
-27.47,28.28,130.62
0.3,0.9,1.5,0,0.5

右帯２
右帯２
1
5
6 
1
0.2262443,0.6,0.1
-0.2380602,-0.2356,0.45578
-34.52968,44.04545,120.3721
0.3,0.9,1.5,0,0.5

右帯３
右帯３
1
5
6 
1
0.2469243,0.6,0.1
-0.19266,-0.41645,0.4129455
-37.38167,20.69962,148.1027
0.3,0.9,1.5,0,0.5

右帯４
右帯４
1
5
6 
1
0.251623,0.6,0.1
-0.2690448,-0.4976702,0.27505
-22.62098,13.01852,148.9893
0.3,0.9,1.5,0,0.5

左帯１
左帯１
1
5
6 
1
0.2018984,0.6,0.1
0.2656,-0.2915368,0.31501
-27.47409,-28.27675,-130.618
0.3,0.9,1.5,0,0.5

左帯２
左帯２
1
5
6 
1
0.2262443,0.6,0.1
0.2380602,-0.2356,0.45578
-34.52968,-44.04545,-120.3721
0.3,0.9,1.5,0,0.5

左帯３
左帯３
1
5
6 
1
0.2469243,0.6,0.1
0.19266,-0.41645,0.4129455
-37.38167,-20.69962,-148.1027
0.3,0.9,1.5,0,0.5

左帯４
左帯４
1
5
6 
1
0.251623,0.6,0.1
0.2690448,-0.4976702,0.27505
-22.62098,-13.01851,-148.9893
0.3,0.9,1.5,0,0.5

中エプロン１
中エプロン１
1
5
6 
1
0.7,0.8,0.2
0,-0.64116,-0.3886656
31.22,0,180
0.4,0.9,1.5,0,0.5

中エプロン２
中エプロン２
1
5
6 
1
0.8,0.8,0.2
0,-0.7718849,-0.4
33.8,0,180
0.4,0.9,1.5,0,0.5

中エプロン３
中エプロン３
1
5
6 
1
0.9,0.8,0.2
0,-0.6452489,-0.3
36.52,0,180
0.4,0.9,1.5,0,0.5

中エプロン４
中エプロン４
1
5
6 
1
0.7,0.8,0.3
0,-0.5352001,-0.2
30.97,0,180
0.4,0.9,1.5,0,0.5

右Ａエプロン１
右Ａエプロン１
1
5
6 
1
0.7,0.8,0.2
-0.1424702,-0.6093097,-0.4552049
34.95,25,0
0.4,0.9,1.5,0,0.5

右Ａエプロン２
右Ａエプロン２
1
5
6 
1
0.8,0.9,0.2
-0.02127999,-0.7492847,-0.5
40.8,10,0
0.4,0.9,1.5,0,0.5

右Ａエプロン３
右Ａエプロン３
1
5
6 
1
0.8,0.9,0.2
0.09707028,-0.687674,-0.2
33.33,15,-170.37
0.4,0.9,1.5,0,0.5

右Ａエプロン４
右Ａエプロン４
1
5
6 
1
0.8,0.9,0.3
0.14249,-0.5660248,-0.1
21.92,5.81,-164.74
0.4,0.9,1.5,0,0.5

左Ａエプロン１
左Ａエプロン１
1
5
6 
1
0.7,0.8,0.2
0.1424702,-0.6093097,-0.4552049
34.95,-25,0
0.4,0.9,1.5,0,0.5

左Ａエプロン２
左Ａエプロン２
1
5
6 
1
0.8,0.9,0.2
0.02127999,-0.7492847,-0.2
40.8,-20,0
0.4,0.9,1.5,0,0.5

左Ａエプロン３
左Ａエプロン３
1
5
6 
1
0.8,0.9,0.2
-0.09707028,-0.687674,-0.2
33.33,-15,170.37
0.4,0.9,1.5,0,0.5

左Ａエプロン４
左Ａエプロン４
1
5
6 
1
0.8,0.9,0.3
-0.14249,-0.5660248,-0.1
21.92,-5.81,164.74
0.4,0.9,1.5,0,0.5

右Ｂエプロン１
右Ｂエプロン１
1
5
6 
1
0.6,0.8,0.2
-0.335915,-0.6780295,-0.391745
24.33,50,0
0.4,0.9,1.5,0,0.5

右Ｂエプロン２
右Ｂエプロン２
1
5
6 
1
0.8,0.8,0.2
-0.139315,-0.6588502,-0.5
44.41,40,20
0.4,0.9,1.5,0,0.5

右Ｂエプロン３
右Ｂエプロン３
1
5
6 
1
0.8,0.8,0.2
0.1081699,-0.6182292,-0.3
30,40,30
0.4,0.9,1.5,0,0.5

右Ｂエプロン４
右Ｂエプロン４
1
5
6 
1
0.6,0.8,0.3
0.171605,-0.60041,-0.1
20.63,40,30
0.4,0.9,1.5,0,0.5

左Ｂエプロン１
左Ｂエプロン１
1
5
6 
1
0.6,0.8,0.2
0.335915,-0.6780295,-0.391745
24.33,-50,0
0.4,0.9,1.5,0,0.5

左Ｂエプロン２
左Ｂエプロン２
1
5
6 
1
0.8,0.8,0.2
0.139315,-0.6588502,-0.5
44.41,-40,-10
0.4,0.9,1.5,0,0.5

左Ｂエプロン３
左Ｂエプロン３
1
5
6 
1
0.8,0.8,0.2
-0.1081699,-0.6182292,-0.3
30,-40,-30
0.4,0.9,1.5,0,0.5

左Ｂエプロン４
左Ｂエプロン４
1
5
6 
1
0.6,0.8,0.3
-0.171605,-0.60041,-0.1
20.63,-40,-30
0.4,0.9,1.5,0,0.5

前スカート１
前スカート１
1
6
7 
1
0.5,0.8,0.2
0,-0.6240215,-0.3435007
28.83,0,180
1,0.5,0.6,0,0.5

前スカート２
前スカート２
1
6
7 
1
0.7,0.8,0.3
0,-0.6772089,-0.45
24.87,0,180
0.7,0.5,0.8,0,0.5

前スカート３
前スカート３
1
6
7 
1
0.8,0.8,0.3
0,-0.6997387,-0.45
26.88,0,180
0.7,0.5,0.8,0,0.5

前スカート４
前スカート４
1
6
7 
1
1.1,0.8,0.3
0,-0.6796951,-0.45
27.53,0,180
0.5,0.5,1,0,0.5

前スカート５
前スカート５
1
6
7 
1
1.2,1,0.3
0,-0.8664852,-0.4294581
26.36,0,180
0.5,0.5,1,0,0.5

右前スカート１
右前スカート１
1
6
7 
1
0.5,0.8,0.2
-0.1594172,-0.627326,-0.2836488
22.89,15,-5
1,0.5,0.6,0,0.5

右前スカート２
右前スカート２
1
6
7 
1
0.8,0.8,0.3
-0.1391989,-0.643908,-0.45
30,20,0
0.7,0.5,0.8,0,0.5

右前スカート３
右前スカート３
1
6
7 
1
0.9,0.8,0.3
-0.1885175,-0.7718735,-0.45
30,25,0
0.7,0.5,0.8,0,0.5

右前スカート４
右前スカート４
1
6
7 
1
1.1,0.8,0.3
-0.1901613,-0.7884789,-0.45
25,30,0
0.5,0.5,1,0,0.5

右前スカート５
右前スカート５
1
6
7 
1
1.2,1,0.3
-0.1693902,-0.7164907,-0.287051
20.7,30,0
0.5,0.5,1,0,0.5

左前スカート１
左前スカート１
1
6
7 
1
0.5,0.8,0.2
0.1594172,-0.627326,-0.2836488
22.89,-15,5
1,0.5,0.6,0,0.5

左前スカート２
左前スカート２
1
6
7 
1
0.8,0.8,0.3
0.1391989,-0.643908,-0.45
19.99,-20,0
0.7,0.5,0.8,0,0.5

左前スカート３
左前スカート３
1
6
7 
1
0.9,0.8,0.3
0.1885175,-0.7718735,-0.45
20.81,-25,0
0.7,0.5,0.8,0,0.5

左前スカート４
左前スカート４
1
6
7 
1
1.1,0.8,0.3
0.1901613,-0.7884789,-0.45
21.41,-30,0
0.5,0.5,1,0,0.5

左前スカート５
左前スカート５
1
6
7 
1
1.2,1,0.3
0.1693902,-0.7164907,-0.287051
20.7,-30,0
0.5,0.5,1,0,0.5

右横前スカート１
右横前スカート１
1
6
7 
1
0.5,0.8,0.2
-0.2,-0.6197367,-0.1531188
25,60,0
1,0.5,0.6,0,0.5

右横前スカート２
右横前スカート２
1
6
7 
1
0.7,0.8,0.3
-0.2,-0.6502376,-0.1375927
25,60,0
0.7,0.5,0.8,0,0.5

右横前スカート３
右横前スカート３
1
6
7 
1
0.8,0.8,0.3
-0.2727324,-0.7052052,-0.1625499
25,60,0
0.7,0.5,0.8,0,0.5

右横前スカート４
右横前スカート４
1
6
7 
1
1,0.8,0.3
-0.2926937,-0.7514465,-0.1752342
25,60,0
0.5,0.5,1,0,0.5

右横前スカート５
右横前スカート５
1
6
7 
1
1.2,1,0.3
-0.2770096,-0.7393312,-0.1661774
20,60,0
0.5,0.5,1,0,0.5

左横前スカート１
左横前スカート１
1
6
7 
1
0.5,0.8,0.2
0.26,-0.6197367,-0.1531188
25,-60,0
1,0.5,0.6,0,0.5

左横前スカート２
左横前スカート２
1
6
7 
1
0.7,0.8,0.3
0.225862,-0.6502376,-0.1375927
25,-60,0
0.7,0.5,0.8,0,0.5

左横前スカート３
左横前スカート３
1
6
7 
1
0.8,0.8,0.3
0.2727324,-0.7052052,-0.1625499
25,-60,0
0.7,0.5,0.8,0,0.5

左横前スカート４
左横前スカート４
1
6
7 
1
1,0.8,0.3
0.2926937,-0.7514465,-0.1752342
25,-60,0
0.5,0.5,1,0,0.5

左横前スカート５
左横前スカート５
1
6
7 
1
1.2,1,0.3
0.2770096,-0.7393312,-0.1661774
20,-60,0
0.5,0.5,1,0,0.5

右スカート１
右スカート１
1
6
7 
1
0.5,0.8,0.2
-0.3420103,-0.6248922,0.0149654
20,90,0
1,0.5,0.6,0,0.5

右スカート２
右スカート２
1
6
7 
1
0.6,0.8,0.3
-0.2675793,-0.683413,-0.001486361
20,90,0
0.7,0.5,0.8,0,0.5

右スカート３
右スカート３
1
6
7 
1
0.7,0.8,0.3
-0.3266947,-0.7043848,0.007378712
20,90,0
0.7,0.5,0.8,0,0.5

右スカート４
右スカート４
1
6
7 
1
0.9,0.8,0.3
-0.3332027,-0.710083,0.004702389
20,90,0
0.5,0.5,1,0,0.5

右スカート５
右スカート５
1
6
7 
1
1.1,1,0.3
-0.3627043,-0.8116239,0.005243897
20,90,0
0.5,0.5,1,0,0.5

左スカート１
左スカート１
1
6
7 
1
0.5,0.8,0.2
0.3345221,-0.6407332,0.007784158
-20,90,0
1,0.5,0.6,0,0.5

左スカート２
左スカート２
1
6
7 
1
0.6,0.8,0.3
0.2773466,-0.6860256,0.001237929
-20,90,0
0.7,0.5,0.8,0,0.5

左スカート３
左スカート３
1
6
7 
1
0.7,0.8,0.3
0.3184632,-0.692147,0.00511466
-20,90,0
0.7,0.5,0.8,0,0.5

左スカート４
左スカート４
1
6
7 
1
0.9,0.8,0.3
0.3549463,-0.7571638,0.003436297
-20,90,0
0.5,0.5,1,0,0.5

左スカート５
左スカート５
1
6
7 
1
1.1,1,0.3
0.3446238,-0.7751342,0.003635034
-20,90,0
0.5,0.5,1,0,0.5

右横後スカート１
右横後スカート１
1
6
7 
1
0.5,0.8,0.2
-0.2823083,-0.6268229,0.1640917
20,120,0
1,0.5,0.6,0,0.5

右横後スカート２
右横後スカート２
1
6
7 
1
0.6,0.8,0.3
-0.2686226,-0.7261143,0.159653
20,120,0
0.7,0.5,0.8,0,0.5

右横後スカート３
右横後スカート３
1
6
7 
1
0.7,0.8,0.3
-0.2642432,-0.6446469,0.1572264
20,120,0
0.7,0.5,0.8,0,0.5

右横後スカート４
右横後スカート４
1
6
7 
1
0.9,0.8,0.3
-0.3026831,-0.7250853,0.1783158
20,120,0
0.5,0.5,1,0,0.5

右横後スカート５
右横後スカート５
1
6
7 
1
1.1,1,0.3
-0.3218603,-0.8068739,0.1905042
20,120,0
0.5,0.5,1,0,0.5

左横後スカート１
左横後スカート１
1
6
7 
1
0.5,0.8,0.2
0.2823083,-0.6268229,0.1640917
20,-120,0
1,0.5,0.6,0,0.5

左横後スカート２
左横後スカート２
1
6
7 
1
0.6,0.8,0.3
0.2686226,-0.7261143,0.159653
20,-120,0
0.7,0.5,0.8,0,0.5

左横後スカート３
左横後スカート３
1
6
7 
1
0.7,0.8,0.3
0.2642432,-0.6446469,0.1572264
20,-120,0
0.7,0.5,0.8,0,0.5

左横後スカート４
左横後スカート４
1
6
7 
1
0.9,0.8,0.3
0.3026831,-0.7250853,0.1783158
20,-120,0
0.5,0.5,1,0,0.5

左横後スカート５
左横後スカート５
1
6
7 
1
1.1,1,0.3
0.3218603,-0.8068739,0.1905042
20,-120,0
0.5,0.5,1,0,0.5

右後スカート１
右後スカート１
1
6
7 
1
0.5,0.8,0.2
-0.158183,-0.6465225,0.3234066
-20,-30,0
1,0.5,0.6,0,0.5

右後スカート２
右後スカート２
1
6
7 
1
0.6,0.8,0.3
-0.116145,-0.6827707,0.2588505
-20,-30,0
0.7,0.5,0.8,0,0.5

右後スカート３
右後スカート３
1
6
7 
1
0.7,0.8,0.3
-0.1476296,-0.7311954,0.317497
-20,-30,0
0.7,0.5,0.8,0,0.5

右後スカート４
右後スカート４
1
6
7 
1
0.9,0.8,0.3
-0.1512285,-0.7269688,0.3242679
-20,-30,0
0.5,0.5,1,0,0.5

右後スカート５
右後スカート５
1
6
7 
1
1.1,1,0.3
-0.1564362,-0.7893618,0.3373151
-20,-30,0
0.5,0.5,1,0,0.5

左後スカート１
左後スカート１
1
6
7 
1
0.5,0.8,0.2
0.158183,-0.6465225,0.3234066
-20,30,0
1,0.5,0.6,0,0.5

左後スカート２
左後スカート２
1
6
7 
1
0.6,0.8,0.3
0.116145,-0.6827707,0.2588505
-20,30,0
0.7,0.5,0.8,0,0.5

左後スカート３
左後スカート３
1
6
7 
1
0.7,0.8,0.3
0.1476296,-0.7311954,0.317497
-20,30,0
0.7,0.5,0.8,0,0.5

左後スカート４
左後スカート４
1
6
7 
1
0.9,0.8,0.3
0.1512285,-0.7269688,0.3242679
-20,30,0
0.5,0.5,1,0,0.5

左後スカート５
左後スカート５
1
6
7 
1
1.1,1,0.3
0.1564362,-0.7893618,0.3373151
-20,30,0
0.5,0.5,1,0,0.5

後スカート１
後スカート１
1
6
7 
1
0.5,0.8,0.2
0,-0.6622319,0.3624773
-25,0,0
1,0.5,0.6,0,0.5

後スカート２
後スカート２
1
6
7 
1
0.6,0.8,0.3
0,-0.6836329,0.2591033
-20,0,0
0.7,0.5,0.8,0,0.5

後スカート３
後スカート３
1
6
7 
1
0.7,0.8,0.3
0,-0.7242434,0.3260415
-20,0,0
0.7,0.5,0.8,0,0.5

後スカート４
後スカート４
1
6
7 
1
0.9,0.8,0.3
0,-0.767266,0.3564547
-20,0,0
0.5,0.5,1,0,0.5

後スカート５
後スカート５
1
6
7 
1
1.1,1,0.3
0,-0.7739826,0.3414614
-20,0,0
0.5,0.5,1,0,0.5

